A = [0 0 1 0; 0 0 0 1; 0 0 0 0; 0 0 0 0];
B = [0; 0; -1.948; 7.8329];
